167191405866957762
167191388926125855
167191388829046158
167191388768855715
167191388704843491
167191388645774451
167191388566213491
167191388509585715
167191388397822110
167191387312131566
167191384888496158
167191384781134451
167191384717092110
167191384608845715
167191384552144215
167191384480153491
167191384434148496
167191384361688496
167191383317187762
167191377278612110
167191377216727762
167191377106425715
167191377031577762
167191376975124215
167191376920542110
167191376859488496
167191376797718496
167191376738223491
167191376656077762
167191375566096158
167191361694964215
167191361614132110
167191361552235855
167191361430116158
167191361372478496
167191361298754215
167191361237514215
167191361135387762
167191361057721566
167191360973767762
167191359912734451
167191351787047762
167191351730422110
167191351652255715
167191351596711566
167191351538694451
167191351471168496
167191351410584451
167191351332428496
167191351264281566
167191351207306158
167191351124858496
167191351054806158
167191350995978496
167191350920851566
167191350852112110
167191350786624451
167191350712418496
167191350650196158
167191350588982110
167191350523834215
167191350466731566
167191350381011566
167191350230654215
167191350169486158
167191350107975855
167191350047016158
167191349971716158
167191349905155855
167191349843601566
167191349765007762
167191349696405715
167191349635414451
167191349552068496
167191349483702110
167191349422271566
167191349341315855
167191349227107762
167191349138374451
167191349076412110
167191349016401566
167191347797554451
167191312327546158
167191311196544451
167191306448145715
167191285676458496
167191274100857762
167191261604647762
167190935486218496
167190935441242110
167190935013873491
167190934964764451
167190934281153491
167190934236725715
167190923753468496
167190923696365715
167190923273815715
167190923243664215
167190908489034215
167190908388844451
167190908113254215
167190908074852110
167190891974781566
167190891935348496
167190891699146158
167190891648345855
167190891347928496
167190891291042110
167190890963133491
167190890916376158
167190862463004451
167190862433958496
167190846979645715
167190846935838496
167190846671751566
167190846626481566
167190846396031566
167190846345605855
167190829849491566
167190829819954215
167190829578728496
167190829534733491
167190829313785855
167190829263048496
167190828984001566
167190828934443491
167190821326654215
167190821282552110
167190813914184451
167190813849393491
167190805260063491
167190805225112110
167190804980864215
167190804940531566
167190804661294215
167190804621865855
167190804368373491
167190804324445855
167190803998748496
167190803947813491
167190803656126158
167190803612958496
167190803232305715
167190803196711566
167190793112204451
167190793085615715
167190776804225715
167190776775121566
167190776471485855
167190776425794215
167190775994444451
167190775950083491
167190763509828496
167190763459333491
167190750754686158
167190750728421566
167190750373743491
167190750334084215
167190741763215855
167190741717618496
167190723098545855
167190723054584451
167190708657296158
167190708627903491
167190708274177762
167190708229724451
167190707952855855
167190707906577762
167190707648724451
167190707604026158
167190697722147762
167190697677972110
167190690455975855
167190690416432110
167190690204355855
167190690175757762
167190689976605855
167190689927567762
167190689701148496
167190689658298496
167190689252941566
167190689181927762
167190681998541566
167190681957764451
167190681690246158
167190681646245855
167190665551081566
167190665523553491
167190653998712110
167190653958924215
167190653700557762
167190653674006158
167190653323925715
167190653279485855
167190644878104451
167190644828294451
167190630755214215
167190630709434215
167190620718568496
167190620690542110
167190620433583491
167190620392468496
167190609987763491
167190609938623491
167190601662945855
167190601616408496
167190601355606158
167190601308502110
167190592376024451
167190592332127762
167190584950158496
167190584847095855
167190566537735855
167190566493485855
167190566166114215
167190566126588496
167190549706065715
167190549660825855
167190549232437762
167190549187003491
167190521994575855
167190521955528496
167190521497766158
167190521452492110
167190511841288496
167190511796696158
167190502304432110
167190502258765855
167190492825296158
167190492780272110
167190485177764451
167190485148472110
167190478352073491
167190478305413491
167190478046918496
167190478017615715
167190471640057762
167190471579775715
167190471378052110
167190471345984215
167190459771603491
167190459724458496
167190459379472110
167190459351968496
167190448619881566
167190448590654451
167190440127938496
167190440077607762
167190439863647762
167190439827384451
167190439432786158
167190439388346158
167190439129837762
167190439079214215
167190438713945715
167190438674935715
167190427949885715
167190427904768496
167190427722248496
167190427683085855
167190427421576158
167190427377374451
167190414575728496
167190414530688496
167190405422466158
167190405387874451
167190397702571566
167190397655283491
167190379790255715
167190379761767762
167190368418028496
167190368384836158
167190361202456158
167190361150471566
167190316294345715
167190316224894215
167190296214061566
167190296169556158
167190284401946158
167190284349686158
167190283525121566
167190283481605855
167190283147027762
167190283098814215
167190282701553491
167190282662005855
167190249296433491
167190249268957762
167190248813535855
167190248768895855
167190219117114451
167190219073214451
167190206918925855
167190206887572110
167190204239133491
167190204192457762
167190192484215715
167190192439958496
167190191971434215
167190191927596158
167190176945118496
167190176877634215
167190164196337762
167190164167902110
167190163765181566
167190163729955855
167188578962741566
167188578916917762
167188567325856158
167188567276034215
167188551133414215
167188551087705855
167188545221158496
167188545171435855
167188531791797762
167188531750485855
167188518613316158
167188518565624215
167188502834457762
167188502785094451
167188502177407762
167188502144435715
167188483385365715
167188483343074451
167188467296614215
167188467248201566
167188451512322110
167188451465808496
167188440205941566
167188440171075715
167188428532112110
167188428485372110
167188418113474215
167188418065104451
167188417748443491
167188417697133491
167188406733814215
167188406687892110
167188406260263491
167188406214325855
167188374701553491
167188374661043491
167188374090936158
167188374051538496
167188359065295715
167188359017715715
167188348377154451
167188348326522110
167188342419432110
167188342380062110
167188341976087762
167188341925056158
167188331704122110
167188331638795715
167188319874704215
167188319839941566
167188306268165715
167188306223915855
167188273753444215
167188273705347762
167188273241622110
167188273201111566
167188257044975715
167188257006018496
167188233356486158
167188233304575715
167188216379537762
167188216334701566
167188215904855855
167188215858394451
167188204858315855
167188204818228496
167188191960711566
167188191889874451
167188180787315715
167188180743268496
167188167871297762
167188167824993491
167188156545193491
167188156498535715
167188144704767762
167188144654767762
167188144282614451
167188144242748496
167188143873145715
167188143825835715
167188134693158496
167188134647117762
167188116807905715
167188116767457762
167188085993195855
167188085960478496
167188069838013491
167188069797785715
167188057822627762
167188057778062110
167188046447485855
167188046402765715
167188045970864451
167188045925395855
167188031972926158
167188031917084451
167188020533203491
167188020485357762
167188010285724451
167188010256655855
167187998473152110
167187998428066158
167187985055401566
167187985005007762
167187973036992110
167187972991328496
167187962873385855
167187962823608496
167187950176254215
167187950130901566
167187949758408496
167187949713865715
167187949280115715
167187949231957762
167187932566937762
167187932520261566
167187921201704215
167187921157604215
167187910294604215
167187910224014451
167187877620934451
167187877571044451
167187877240223491
167187877193435715
167187867442648496
167187867400438496
167187856545302110
167187856506917762
167187846372878496
167187846326148496
167187833042146158
167187832956724451
167187822454723491
167187822411375715
167187821978913491
167187821934141566
167187811503638496
167187811453843491
167187811025692110
167187810980301566
167187799959257762
167187799911772110
167187783867795715
167187783776484451
167187773182923491
167187773132986158
167187760582393491
167187760532255715
167187750157068496
167187750114911566
167187740151945855
167187740103714451
167187715498243491
167187715443494451
167187645834073491
167187645784451566
167187632875522110
167187632827014215
167187621757866158
167187621709894215
167187604232607762
167187604185393491
167187593588993491
167187593543347762
167187581013244215
167187580968964451
167187569857365715
167187569781007762
167187537961412110
167187537921637762
167187537489982110
167187537448533491
167187527132407762
167187527103638496
167187512743316158
167187512690787762
167187502101071566
167187502056553491
167187490888875855
167187490842924451
167187476187132110
167187476052005715
167187465444832110
167187465399604215
167187453405425855
167187453354445855
167187441814086158
167187441762496158
167187426904041566
167187426855645715
167187410073337762
167187410026851566
167187399167694215
167187399120497762
167187387858647762
167187387757004215
167187374191128496
167187374159686158
167187356096012110
167187356045583491
167187344431635855
167187344384803491
167187332128503491
167187332079962110
167187322316524215
167187322273284451
167187313775104215
167187313729435715
167187304128462110
167187304085583491
167187294911515715
167187294872258496
167187283368487762
167187283318576158
167187260347744215
167187260304728496
167187259927285715
167187259842843491
167187242211311566
167187242166094215
167187229721485715
167187229678431566
167187229252904215
167187229204424215
167187220461732110
167187220409435855
167187208599563491
167187208552681566
167187208137242110
167187208099307762
167187196323558496
167187196278344215
167187185741525855
167187185692837762
167187172863495715
167187172836133491
167187172425355715
167187172375702110
167187163357634451
167187163314452110
167187152170648496
167187152131834215
167187140871144215
167187140824223491
167187140502598496
167187140458094215
167187118418621566
167187118371757762
167187108038058496
167187107990405855
167187091172781566
167187091127936158
167187078559112110
167187078519953491
167187063966138496
167187063918745715
167187063425602110
167187063382255855
167187062814871566
167187062739182110
167187003463374215
167187003415471566
167186993340314451
167186993285545855
167186992870176158
167186992822635715
167186918779948496
167186918735322110
167186918150138496
167186918098706158
167186900764508496
167186900731785855
167186884446275855
167186884403215715
167186883758056158
167186883712066158
167186883083838496
167186883034024215
167186869308171566
167186869275696158
167186859902245715
167186859854028496
167186849108165715
167186849059282110
167186839898485855
167186839859741566
167186830790988496
167186830746095855
167186820573824451
167186820533442110
167186810642197762
167186810603164215
167186801223006158
167186801178454451
167186790528065855
167186790475684451
167186758718974451
167186758680136158
167186747923184451
167186747895397762
167186737933011566
167186737885964451
167186714402504215
167186714306562110
167186696762655855
167186696723734451
167186684678385855
167186684631862110
167186684111518496
167186684039713491
167186669124587762
167186669092085855
167186656680001566
167186656634748496
167186647724234451
167186647686545715
167186636362078496
167186636327247762
167186626119894215
167186626085855715
167186617801847762
167186617762342110
167186606001303491
167186605968617762
167186596533474451
167186596491018496
167186596121946158
167186596082263491
167186585819264451
167186585780044215
167186574841085715
167186574795728496
167186556648566158
167186556608583491
167186546626365715
167186546585745715
167186536365575855
167186536337184215
167186525555905855
167186525510192110
167186508565381566
167186508525766158
167186489788932110
167186489742738496
167186470875996158
167186470836122110
167186455737278496
167186455705987762
167186448575915855
167186448523582110
167186437714844451
167186437669617762
167186423929584451
167186423885038496
167186414013625855
167186413967877762
167186405097217762
167186405048055855
167186391831938496
167186391787374215
167186381672953491
167186381622755715
167186370765395715
167186370719945715
167186361926608496
167186361893667762
167186351128752110
167186351096504215
167186339230424215
167186339196194451
167186329925293491
167186329875395855
167186319851195715
167186319803812110
167186308834007762
167186308784807762
167186299314593491
167186299215146158
167186291340224215
167186291289453491
167186290903311566
167186290853138496
167186281869095855
167186281832991566
167186272832344451
167186272786631566
167186263646684215
167186263612924215
167186260148527762
167186260123006158
167186251909227762
167186251809447762
167186251401195715
167186251372796158
167186202781118496
167186202746382110
167186194384955855
167186194345402110
167186185933847762
167186185888232110
167186177360203491
167186177327314215
167186168937305715
167186168896281566
167186135137075855
167186135036331566
167186134861332110
167186134810864451
167186127155434451
167186127100066158
167186115577933491
167186115511073491
167186115064232110
167186115035045855
167186088056062110
167186088009946158
167186087980441566
167186087933575855
167186087890927762
167186087841534215
167186060620456158
167186060588765715
167185976416944451
167185976371573491
167185959418305715
167185959373256158
167185946574294451
167185946530435715
167185933537317762
167185933491026158
167185933225826158
167185933186393491
167185919023441566
167185918917384215
167185918704056158
167185918667096158
167185910243581566
167185910198995855
167185909772365855
167185909729194451
167185900840333491
167185900806958496
167185891239474215
167185891206763491
167185874392124215
167185874350446158
167185874233756158
167185874187754215
167185864100386158
167185864053855855
167185851731842110
167185851688426158
167185851597144451
167185851568525715
167185843064815855
167185843021934215
167185827615455715
167185827570292110
167184969201074215
167184969152055715
167184968921976158
167184968876294451
167184968732494215
167184968690684451
167184968555111566
167184968511035855
167184940152212110
167184940102602110
167184939753984451
167184939641623491
167184875445917762
167184875402053491
167184875060404451
167184875011402110
167184851017311566
167184850965077762
167184834112933491
167184834066475715
167184833837634215
167184833798073491
167184833600034215
167184833555718496
167184832868295855
167184832816874451
167184809169745855
167184809117275715
167184808893522110
167184808820194451
167184808398706158
167184808369237762
167184792545824215
167184792498433491
167184792291445855
167184792245624451
167184778444733491
167184778395523491
167184768469347762
167184768428066158
167184768176317762
167184768131397762
167184744792383491
167184744748572110
167184744572445855
167184744527156158
167184744305364451
167184744253596158
167184733627194215
167184733551675855
167184710859115855
167184710814244451
167184710342161566
167184710291946158
167184693427535855
167184693388834451
167184675379824215
167184675353194215
167184675103385715
167184675053426158
167184662053118496
167184662008834215
167184648668365715
167184648585268496
167184629900683491
167184629848954215
167184629331948496
167184629287175855
167184629120305855
167184629077754215
167184628859635855
167184628813848496
167184616798755855
167184616758353491
167184616488812110
167184616438617762
167184603080935855
167184602978895855
167184589862383491
167184589809562110
167184558302107762
167184558250138496
167184558025373491
167184557981342110
167184557653798496
167184557609852110
167184557455905715
167184557405836158
167184557186707762
167184557141891566
167184539054466158
167184539007898496
167184516964557762
167184516914633491
167184502925615715
167184502881927762
167184502668924215
167184502629144451
167184490557572110
167184490513704215
167184490401943491
167184490353027762
167184487788358496
167184487737671566
167184474673455715
167184474634094451
167184474454853491
167184474413344215
167184474203268496
167184474162741566
167184457157427762
167184457111784451
167184456892585855
167184456845535715
167184456635574451
167184456594784451
167184430546905715
167184430513824451
167184430258748496
167184430213364215
167184429845702110
167184429795635715
167184429627783491
167184429582335855
167184429173454451
167184429114686158
167184412555651566
167184412526704451
167184412341958496
167184412296515855
167184412147096158
167184412112286158
167184411700778496
167184411655974215
167184411353421566
167184411326545715
167184392070733491
167184392027006158
167184380030858496
167184379984797762
167184379733595855
167184379698036158
167184378859705855
167184378811925715
167184378566143491
167184378516594451
167184378321434215
167184378287311566
167184378101681566
167184378071935855
167184377737574215
167184377667414451
167184377246436158
167184377195225715
167184364510475715
167184364469615855
167184348201198496
167184348153741566
167184311340054215
167184311294805855
167184292872664451
167184292826706158
167184292545235855
167184292509532110
167184292358485715
167184292312524215
167184291991502110
167184291945845855
167184291801004451
167184291737404215
167184263791113491
167184263751182110
167184263622624215
167184263582076158
167184248895731566
167184248847333491
167184228923536158
167184228878704215
167184210993213491
167184210948384451
167184196565516158
167184196517855715
167184169982975855
167184169944435715
167184169524512110
167184169479817762
167184157773737762
167184157730335855
167184142467862110
167184142432805715
167184141950244451
167184141900996158
167184128092774451
167184128047878496
167184127822965855
167184127773772110
167184127542367762
167184127508554451
167184127102725715
167184127065275715
167184106378928496
167184106332424215
167184090081768496
167184090036536158
167184089794498496
167184089732968496
167184069536477762
167184069489295855
167184053779111566
167184053740558496
167184040755925855
167184040710168496
167184009345368496
167184009309987762
167184009157441566
167184009118635855
167184008932152110
167184008887934215
167184008668813491
167184008613645855
167184008388366158
167184008349514451
167184007912236158
167184007866904451
167183987907798496
167183987795477762
167183987325941566
167183987275935855
167183974887572110
167183974841261566
167183974730953491
167183974680727762
167183974572715715
167183974526255855
167183974258103491
167183974212576158
167183953353735715
167183953308223491
167183953080945855
167183953029273491
167183942021978496
167183941978184451
167183941755875855
167183941709282110
167183941588437762
167183941546616158
167183941332825715
167183941286588496
167183930054908496
167183930008112110
167183912923205855
167183912877075715
167183912567368496
167183912517188496
167183901443991566
167183901392344451
167183901173038496
167183901126338496
167183889533672110
167183889491854215
167183889265706158
167183889217905715
167183872859075715
167183872813572110
167183860807125855
167183860757035855
167183846332175855
167183846287766158
167183845916068496
167183845871217762
167183833344924215
167183833309233491
167183820305758496
167183820266734451
167183809518556158
167183809473474451
167183796889944215
167183796847331566
167183796468844215
167183796424288496
167183783646944451
167183783618387762
167183783398465855
167183783355785715
167183758771905715
167183758723718496
167183746927845715
167183746888437762
167183746674421566
167183746628308496
167183729411482110
167183729358907762
167183692935894451
167183692884143491
167183666516056158
167183666479158496
167183657425225855
167183657375891566
167183644590973491
167183644544732110
167183629972504215
167183629930285855
167183629339973491
167183629301795715
167183628902064215
167183628859788496
167183617232241566
167183617196758496
167183589798394215
167183589752794215
167183576685193491
167183576636135855
167183551076766158
167183551007701566
167183550655025855
167183550601885715
167183542058892110
167183542020602110
167183533041221566
167183532985004215
167183532757213491
167183532714123491
167183532614855715
167183532563635715
167183521386175715
167183521341694451
167183495825375715
167183495791237762
167183495425974451
167183495376314215
167183495119192110
167183495081745715
167183484986188496
167183484947634451
167183484679157762
167183484632712110
167183474028442110
167183473982632110
167183467323794215
167183467281194451
167183467019961566
167183466968695715
167183456312434451
167183456268948496
167183448203135855
167183448159245855
167183437697044215
167183437663218496
167183437459056158
167183437415825855
167183427763741566
167183427722762110
167183420055414451
167183420011186158
167183419634654215
167183419555706158
167183395463943491
167183395415545715
167183385878142110
167183385828436158
167183376805857762
167183376761185855
167183353315292110
167183353270343491
167183353067801566
167183353041743491
167183352785061566
167183352741571566
167183329763166158
167183329718935715
167183319801837762
167183319754745715
167183312181151566
167183312152065855
167183312016672110
167183311990154451
167183302150954215
167183302050134451
167183301659005715
167183301616255715
167183301422105855
167183301374717762
167183293340732110
167183293283136158
167183293018835715
167183292985091566
167183271229564215
167183271194628496
167183266541676158
167183266510248496
167183237403313491
167183237374934451
167183199370211566
167183199327916158
167183178198386158
167183178158186158
167183158417771566
167183158367047762
167183151519686158
167183151487335715
167183142009084451
167183141965071566
167183141581817762
167183141536901566
167183134087806158
167183134054305715
167183125408488496
167183125376515855
167183116987515715
167183116946135855
167183108788857762
167183108754753491
167183101113655855
167183101008478496
167183091082976158
167183091043784215
167183080395265855
167183080350581566
167183044172263491
167183044132365855
167183043784504215
167183043732604215
167183043124646158
167183043078712110
167183026695847762
167183026651586158
167183010661258496
167183010634417762
167183004203805715
167183004165185855
167182996084684451
167182996058634215
167182989168084451
167182989135466158
167182979749178496
167182979705797762
167182964441843491
167182964403487762
167182955164244215
167182955073724215
167182948571996158
167182948543896158
167182932405102110
167182932374355855
167182907966087762
167182907924934451
167182894795504215
167182894754351566
167182890352205715
167182890305822110
167182879032136158
167182878983601566
167182867132536158
167182867093134215
167182785396928496
167182785346077762
167182785080576158
167182784977525855
167182784655475715
167182784606341566
167182776111731566
167182776067905715
167182775689567762
167182775592185715
167182742808803491
167182742782284451
167182742500015855
167182742471744215
167182742171295715
167182742070823491
167182741736465715
167182741690507762
167182733283255715
167182733242822110
167182723779185855
167182723732344215
167182710993527762
167182710947102110
167182688975398496
167182688940564215
167182673725815715
167182673675465855
167182663188956158
167182663161734215
167182662664328496
167182662636863491
167182655790443491
167182655760584215
167182655461502110
167182655420893491
167182643669562110
167182643641633491
167182632974966158
167182632944161566
167182508234787762
167182508192554451
167182507890996158
167182507831397762
167182493692222110
167182493657648496
167182483380927762
167182483340565715
167182483032118496
167182482935045715
167182482702835855
167182482652202110
167182479267743491
167182478516168496
167182477031955715
167182467622554451
167182460952937762
167182458694735715
167182453878827762
167182449816714215
167182434096041566
167182426291977762
167182426262914215
167182417249358496
167182417203611566
167182416849561566
167182416753473491
167182416495994215
167182416462122110
167182406035326158
167182405986605715
167182405720621566
167182405670054215
167182405349145715
167182405306081566
167182393773513491
167182393737454451
167182313874896158
167182313846594215
167182286476785855
167182286435452110
167182277092576158
167182277050435715
167182272857755855
167182272808738496
167182272448427762
167182272355684451
167182269625418496
167182269560673491
167182259328184451
167182259279823491
167182259030704215
167182259001635715
167182258611246158
167182258582603491
167182258240525715
167182258195183491
167182239637508496
167182239604873491
167182239217754215
167182239185721566
167182232463367762
167182232422185855
167182232072885855
167182232044248496
167182231746013491
167182231690247762
167182231415453491
167182231334708496
167182231010035855
167182230972856158
167182223674285715
167182223641854215
167182207935171566
167182207891724451
167182190077764215
167182190038565855
167182181562728496
167182181523837762
167182174598044451
167182174570171566
167182174114465855
167182174071145855
167182149726233491
167182149675153491
167182132996257762
167182132951007762
167182124573416158
167182124501214451
167182118380518496
167182118281662110
167182118042005715
167182117998688496
167182079078577762
167182079032873491
167182071909715855
167182071871828496
167182064478711566
167182064415675855
167182064111031566
167182064084535715
167182048744594451
167182048717912110
167182041546675855
167182041501274215
167182041176548496
167182041127405855
167182040704893491
167182040651973491
167182032409014451
167182032365667762
167182022233903491
167182022189195715
167182010167026158
167182010120667762
167182002373857762
167182002342677762
167181987054786158
167181987005153491
167181971597163491
167181971548314451
167181966077238496
167181966031997762
167181959435066158
167181959367614215
167181948835814451
167181948790544215
167181937293826158
167181937250632110
167181921400365855
167181921353973491
167181903678333491
167181903628777762
167181895780584451
167181895722638496
167181895376916158
167181895342798496
167181886395801566
167181886325555715
167181886090187762
167181886061821566
167181879159985715
167181879060964451
167181878792774451
167181878685472110
167181866853054451
167181866818753491
167181852716994215
167181852671545715
167181842190046158
167181842139918496
167181836513214215
167181836464694215
167181818337793491
167181818301348496
167181800188195855
167181800149374451
167176141805844215
167176141755483491
167176141340815715
167176141296203491
167175185443557762
167175185404535715
167175185129231566
167175185095514215
167175184830482110
167175184775096158
167175184431844215
167175184336891566
167175184061583491
167175184020624451
167175128207766158
167175128158145715
167175127838558496
167175127794314215
167175089366248496
167175089320844451
167175088988546158
167175088938364215
167175088591833491
167175088560594451
167175088260763491
167175088210248496
167175087945272110
167175087895606158
167175087431033491
167175087333364215
167175087004343491
167175086961254451
167175086708725855
167175086675265715
167175086384164451
167175086334104215
167175086067954451
167175086016271566
167175085747925855
167175085648277762
167175085361582110
167175085310704451
167175084963914451
167175084918798496
167175084628185715
167175084587614215
167175084175093491
167175084074814451
167175037186271566
167175037140173491
167175036836771566
167175036797194215
167175036483165855
167175036450301566
167175036101315715
167175036061315715
167175035765894451
167175035725827762
167175009346422110
167175009295656158
167174975453135855
167174975386937762
167174975139251566
167174975108456158
167174974884958496
167174974846348496
167174974512775855
167174974479305715
167174974185594451
167174974151293491
167174973867874451
167174973835988496
167174973462924215
167174973435262110
167174973011034451
167174972958741566
167174972614942110
167174972578177762
167174970192544451
167174970142696158
167174969833718496
167174969788461566
167174969375056158
167174969347704215
167174969079057762
167174969038871566
167174968727897762
167174968684528496
167174968403774451
167174968358285715
167174968111445855
167174968082664451
167174967734381566
167174967689374451
167174967381487762
167174967354515855
167174935953185715
167174935907867762
167174935597128496
167174935563962110
167174935262411566
167174935210777762
167174934935036158
167174934901435855
167174934558745855
167174934528205715
167174934219797762
167174934179606158
167174933794416158
167174933752623491
167174898776004215
167174898736201566
167174898456731566
167174898409845715
167174898013831566
167174897988104451
167174897728604215
167174897682975715
167174897420155855
167174897385093491
167174896620968496
167174896572123491
167174896241031566
167174896201683491
167174895913745715
167174895887057762
167174895538375715
167174895487064215
167174895155888496
167174895106976158
167174894813906158
167174894786231566
167174865494102110
167174865453725855
167174865184672110
167174865139822110
167174864859334215
167174864813377762
167174864534476158
167174864493992110
167174847251226158
167174847214624215
167174828388547762
167174828359105715
167174828084171566
167174828044567762
167174827713101566
167174827680965855
167174805092225715
167174805041698496
167174804771062110
167174804726076158
167174781918544451
167174781873125855
167174780278922110
167174779358913491
167174779315135855
167174769950037762
167174769636533491
167174761992565855
167174761945863491
167174746216591566
167174746168094215
167174732014834215
167174731970584451
167174731643448496
167174731612095715
167174731263796158
167174731223426158
167174730756525855
167174730713508496
167174708825096158
167174708779651566
167174693990937762
167174693943342110
167174693624644451
167174693578181566
167174683509512110
167174683460294215
167174683090124215
167174683049323491
167174682835926158
167174682788311566
167174672198416158
167174672170295855
167174671964328496
167174671913454451
167174671506928496
167174671467402110
167174671125893491
167174671080646158
167174670507646158
167174670461755715
167174654970901566
167174654927085715
167174624241502110
167174624198827762
167174623634025855
167174623584641566
167174622943781566
167174622901368496
167174615291223491
167174613188388496
167174595719638496
167174595667853491
167174543205634215
167174543138586158
167174542851717762
167174542823478496
167174542524984215
167174542491084451
167174533416384215
167174533384436158
167174533025718496
167174532982688496
167174519990868496
167174519963688496
167174519659063491
167174519620648496
167174510593206158
167174510529914451
167174510259072110
167174510214836158
167174501261045855
167174501218874451
167174491329986158
167174491284174451
167174474725091566
167174474680951566
167174469606125855
167174469566044451
167174459302245855
167174459257741566
167174447718098496
167174447671974451
167174439293287762
167174439261865715
167174438978641566
167174438951536158
167174438656497762
167174438551773491
167174438248386158
167174438217765715
167174429579707762
167174429534234451
167174419310025855
167174419264715715
167174404400906158
167174404360611566
167174404039675715
167174403996584451
167174403686293491
167174403583817762
167174391413078496
167174391374668496
167174374854984451
167174374761844451
167174374464575715
167174374411336158
167174357245707762
167174357218834451
167174348307914215
167174348263402110
167174343150555855
167174342835795855
167174342549541566
167174342206455715
167174341905476158
167174341559635715
167174341172114215
167174340780413491
167174340385235715
167174339939291566
167174339585146158
167174339302792110
167174339249296158
167174339131252110
167174338820951566
167174328822796158
167174328783898496
167174320205153491
167174320058847762
167174319919511566
167174319749663491
167174319627964215
167174319491842110
167174319366344215
167174312297405855
167174312050851566
167174311831205715
167174302601445715
167174293850137762
167174256248404451
167174255256426158
167174255111535715
167174254940385715
167174254795631566
167174254662361566
167174254515715715
167174254019847762
167174253718504215
167174243251692110
167174243083024215
167174242905297762
167174242724404451
167174242550644215
167174242360293491
167174242186392110
167174241999211566
167174241828847762
167174237017874451
167174236846238496
167174236651795855
167174236520584215
167174236386152110
167174236258664215
167174236105948496
167174235969618496
167174235845075715
167174235746341566
167174227471954215
167174227432862110
167174227309945715
167174227269857762
167174227096524451
167174227046161566
167174226909468496
167174226881676158
167174226787344451
167174226756615855
167174226720032110
167174226569441566
167174226522164451
167174226407686158
167174226365306158
167174226269626158
167174226197246158
167174226157452110
167174226035404215
167174225989748496
167174225831643491
167174225731837762
167174224787872110
167174224690323491
167174224641033491
167174183690055715
167174183634945855
167174175576934215
167174175525784451
167174167980567762
167174159953992110
167174159285374215
167174134856316158
167174134829323491
167174134675526158
167174134631087762
167174134542105855
167174134513535715
167174134417198496
167174134367094215
167174134267294215
167174131425274451
167174131333702110
167174125806696158
167174125716357762
167174125626791566
167174125558484215
167174125459494451
167174125390368496
167174125256174451
167174125179365855
167174125081435855
167174124979944451
167174124891294451
167174119355114215
167174119263903491
167174116687418496
167174116581373491
167174093891914215
167174093780088496
167174078427508496
167174078355342110
167174072676286158
167174072554845855
167173774547194215
167173738580321566
167173736319047762
167173709445578496
167173703654965715
167173685036418496
167173638937052110
167173636105427762
167173596172905715
167173595381131566
167191407436554215
167191407259272110
167191407202177762
167191407123795855
167191407067325855
167191407010547762
167191406946091566
167191406887661566
167191422144923491
167191422019336158
167191421952424451
167191421890961566
167191421796865715
167191421698594451
167191421637681566
167191421576562110
167191442195493491
167191442073434215
167191442015636158
167191441944498496
167191441883533491
167191441763515855
167191441701917762
167191441628245715
167191659001034451
167191658967055855
167191658698148496
167191658670795855
167191658364958496
167191658318733491
167191658000925715
167191657967277762
167191656464385855
167191656279075855
167191642055214215
167191642008315855
167191628630843491
167191628587617762
167191628308497762
167191628267415855
167191628004401566
167191627958817762
167191626893344215
167191626774367762
167191617420585715
167191617336998496
167191617166143491
167191608423835855
167191608387485855
167191608094466158
167191608050033491
167191607716902110
167191607672715715
167191602382704451
167191602354261566
167191592290211566
167191592210822110
167191591924574215
167191591884725715
167191591615493491
167191591574793491
167191569129415715
167191569031523491
167191548114783491
167191544741961566
167191544697052110
167191544063498496
167191544013832110
167191543494605715
167191543449487762
167191520893996158
167191507209058496
167191507112697762
167191507066608496
167191507017954215
167191506949533491
167191506886804215
167191506829785855
167191506752795855
167191690767733491
167191690671482110
167191679337444451
167191679290214451
167191679034744451
167191679009158496
167191668381542110
167191668348486158
167191668079446158
167191668016444215
167191667775227762
167191667742658496
167191666607382110
167191666373091566
167191666202261566
167191666111011566
167191665993566158
167191665926518496
167191665870763491
167191665758115715
